usecolor=0;
usekeystone=1;
gamma=2.0; density=2.0;
framepervol=8; hwsync_frame0=1;
hwsync_phase=8.099991; hwsync_levthresh=512;
hwsync_amp0=1.000000; hwsync_pha0=0;
hwsync_amp1=1.000000; hwsync_pha1=0;
hwsync_amp2=1.000000; hwsync_pha2=0;
hwsync_amp3=1.000000; hwsync_pha3=0;
voxie_vol=43.50;
sndfx_vol=50.00;
emuhang=25.0; emuvang=-45.0; emudist=1350; //initial camera angle&pos for emulation (horiz/vert, degrees), camera distance
aspx=1.00; aspy=1.00; aspz=0.40;
drawstroke=3; dither=3;
smear=0;
projx0= 149.81; projy0=  95.44; projx2= 611.74; projy2=  98.55;
projx1= 114.02; projy1=  -1.27; projx3= 645.00; projy3=   2.35;
projx6= 169.30; projy6=1004.98; projx4= 602.00; projy4=1017.64;
projx7= 134.19; projy7=1030.19; projx5= 624.71; projy5=1047.80;
colo_r=255; colo_g=255; colo_b=155;
mono_r=160; mono_g=160; mono_b=160;
mirrorx=0; mirrory=1; flip=0;
